20
0 16 0 69 88 0 0 0 0 0 54 33 0 55 0 65 50 0 80 0
0 0 44 61 100 0 17 0 59 65 28 0 16 57 35 68 96 74 56 98
0 0 0 56 51 17 0 56 0 0 51 0 0 0 0 18 87 0 19 83
0 44 23 0 0 87 0 97 60 0 0 57 0 96 0 52 40 31 0 2
70 24 73 0 0 57 7 24 18 30 0 0 0 39 0 97 0 0 42 0
21 24 0 0 0 0 0 95 70 0 0 33 0 35 0 31 41 29 65 70
74 21 90 53 29 0 0 0 3 0 26 98 0 33 0 2 95 0 85 0
0 0 0 5 0 43 91 0 0 41 90 0 25 0 0 93 52 0 100 0
0 88 53 0 2 16 92 63 0 52 0 4 37 71 0 67 56 54 0 98
0 0 2 0 56 11 100 44 21 0 47 45 32 17 0 57 39 19 0 0
0 0 0 16 93 0 0 0 75 91 0 6 0 0 0 0 72 0 3 0
65 0 100 52 0 54 0 0 0 86 74 0 0 91 78 0 33 45 0 0
28 31 68 0 82 0 13 0 0 0 96 35 0 0 0 0 0 0 0 14
30 0 35 0 0 34 0 85 52 14 70 15 0 0 93 27 0 100 0 9
82 0 32 76 0 82 61 91 0 100 67 23 89 17 0 34 0 0 96 0
46 0 17 0 52 0 0 83 0 0 0 0 0 26 69 0 0 0 0 59
0 94 91 0 0 0 0 17 22 67 0 0 0 0 0 28 0 14 0 32
82 0 0 84 0 70 80 50 90 0 89 0 98 93 0 0 100 0 0 76
0 0 0 64 0 51 0 32 2 15 0 99 0 84 76 91 0 32 0 0
0 0 0 0 0 0 0 0 0 0 0 0 0 0 0 0 0 0 0 0
0 90 0 34 18 0 0 0 0 0 28 37 0 94 0 56 78 0 73 0
0 0 68 86 95 0 22 0 74 21 44 0 48 89 6 56 25 63 27 72
0 0 0 52 42 68 0 81 0 0 4 0 0 0 0 25 21 0 20 85
0 7 70 0 0 90 0 21 96 0 0 9 0 49 0 56 74 80 0 51
99 80 91 0 0 50 47 20 22 100 0 0 0 53 0 56 0 0 76 0
21 92 0 0 0 0 0 99 5 0 0 7 0 24 0 25 56 75 27 4
37 12 81 91 15 0 0 0 71 0 89 13 0 26 0 21 26 0 35 0
0 0 0 18 0 64 80 0 0 38 83 0 23 0 0 93 54 0 33 0
0 72 50 0 9 46 51 40 0 96 0 24 18 11 0 93 11 63 0 95
0 0 5 0 35 12 4 80 23 0 44 94 78 33 0 59 81 65 0 0
0 0 0 5 80 0 0 0 88 66 0 25 0 0 0 0 43 0 92 0
86 0 72 5 0 35 0 0 0 37 60 0 0 20 18 0 47 73 0 0
44 69 78 0 55 0 51 0 0 0 9 23 0 0 0 0 0 0 0 90
22 0 89 0 0 63 0 81 46 32 35 82 0 0 82 14 0 44 0 22
36 0 2 100 0 83 1 70 0 86 100 34 43 89 0 99 0 0 91 0
57 0 65 0 64 0 0 34 0 0 0 0 0 50 47 0 0 0 0 47
0 14 23 0 0 0 0 41 29 66 0 0 0 0 0 83 0 7 0 4
76 0 0 9 0 30 95 95 79 0 12 0 49 71 0 0 74 0 0 48
0 0 0 49 0 60 0 45 96 90 0 47 0 58 1 100 0 19 0 0
0 0 0 0 0 0 0 0 0 0 0 0 0 0 0 0 0 0 0 0
